image_width: 1224
image_height: 1024
camera_name: i3dr_phobos_001_l
camera_matrix:
  rows: 3
  cols: 3
  data: [1167.569786851588, 0, 621.4215306089461, 0, 1167.631416910643, 490.6549517721821, 0, 0, 1]
distortion_model: plumb_bob
distortion_coefficients:
  rows: 1
  cols: 5
  data: [-0.08230646988896977, 0.116367409822634, 0.0004417291047789957, 3.847590887811641e-05, 0]
rectification_matrix:
  rows: 3
  cols: 3
  data: [0.9999867797813822, 0.0004393298474826106, 0.005123207173876624, -0.0004433371428770151, 0.9999995966865447, 0.0007810754928080611, -0.005122861957841097, -0.0007833364748501214, 0.9999865712444983]
projection_matrix:
  rows: 3
  cols: 4
  data: [1186.34438308196, 0, 610.9512405395508, 0, 0, 1186.34438308196, 502.741626739502, 0, 0, 0, 1, 0]