image_width: 1224
image_height: 1024
camera_name: i3dr_phobos_001_r
camera_matrix:
  rows: 3
  cols: 3
  data: [1164.37616918714, 0, 615.0768301289105, 0, 1164.313045682404, 513.5628176506294, 0, 0, 1]
distortion_model: plumb_bob
distortion_coefficients:
  rows: 1
  cols: 5
  data: [-0.07421759376704948, 0.09796819196031151, 0.0007873235860608754, 0.0007729124284353196, 0]
rectification_matrix:
  rows: 3
  cols: 3
  data: [0.9999811944908951, -0.003147515807980252, 0.005263440775868388, 0.003151631972900812, 0.9999947341195887, -0.0007739179544512522, -0.005260977140222983, 0.0007904918287668113, 0.9999858485209672]
projection_matrix:
  rows: 3
  cols: 4
  data: [1186.34438308196, 0, 610.9512405395508, -338.490642997409, 0, 1186.34438308196, 502.741626739502, 0, 0, 0, 1, 0]