%YAML:1.0
---
image_width: 2448
image_height: 2048
camera_name: leftCamera
camera_matrix: !!opencv-matrix
   rows: 3
   cols: 3
   dt: d
   data: [ 2.3373591914659164e+03, 0., 1.1873061638227941e+03, 0.,
       2.3375505817472599e+03, 1.0340607145855697e+03, 0., 0., 1. ]
distortion_model: plumb_bob
distortion_coefficients: !!opencv-matrix
   rows: 1
   cols: 5
   dt: d
   data: [ -7.8764788580759720e-02, 6.8183148798929116e-02,
       -5.1096981002714790e-04, -7.2027880373940227e-04,
       6.9516467547122970e-02 ]
rectification_matrix: !!opencv-matrix
   rows: 3
   cols: 3
   dt: d
   data: [ 9.8627069999217098e-01, -3.1383895318893014e-03,
       1.6510680436644459e-01, 3.1491736728061445e-03,
       9.9999502204276192e-01, 1.9645578248243562e-04,
       -1.6510659902660391e-01, 3.2619141940550011e-04,
       9.8627567371249003e-01 ]
projection_matrix: !!opencv-matrix
   rows: 3
   cols: 4
   dt: d
   data: [ 2.3343343126487180e+03, 0., 6.7855364990234375e+02, 0., 0.,
       2.3343343126487180e+03, 1.0452064437866211e+03, 0., 0., 0., 1.,
       0. ]
