%YAML:1.0
---
image_width: 2448
image_height: 2048
camera_name: rightCamera
camera_matrix: !!opencv-matrix
   rows: 3
   cols: 3
   dt: d
   data: [ 2.3308643445368721e+03, 0., 1.1958832426296606e+03, 0.,
       2.3311180435501765e+03, 1.0559692771746741e+03, 0., 0., 1. ]
distortion_model: plumb_bob
distortion_coefficients: !!opencv-matrix
   rows: 1
   cols: 5
   dt: d
   data: [ -4.8601005280441430e-02, -2.0314672312014156e-01,
       1.2511708640777293e-03, 4.3799264861726933e-04,
       5.5442426347793838e-01 ]
rectification_matrix: !!opencv-matrix
   rows: 3
   cols: 3
   dt: d
   data: [ 9.9126200375714102e-01, -2.5402776507552176e-03,
       -1.3188323205334024e-01, 2.5425510271651895e-03,
       9.9999675628752938e-01, -1.5115784373799756e-04,
       1.3188318824494794e-01, -1.8548282005574911e-04,
       9.9126524717376785e-01 ]
projection_matrix: !!opencv-matrix
   rows: 3
   cols: 4
   dt: d
   data: [ 2.3343343126487180e+03, 0., 1.5973721008300781e+03,
       -6.7864246282149531e+02, 0., 2.3343343126487180e+03,
       1.0452064437866211e+03, 0., 0., 0., 1., 0. ]
