image_width: 2448
image_height: 2048
camera_name: i3dr_phobos_l
camera_matrix:
  rows: 3
  cols: 3
  data: [2319.490747616948, 0, 1189.24221916767, 0, 2320.137124492214, 1040.826114112127, 0, 0, 1]
distortion_model: plumb_bob
distortion_coefficients:
  rows: 1
  cols: 5
  data: [-0.08130947758995508, 0.09757315027156122, -0.001031685621993073, -0.0009063562583767171, 0]
rectification_matrix:
  rows: 3
  cols: 3
  data: [0.9876073433540206, -0.003365380028614013, 0.1569089212584055, 0.002846046120606531, 0.9999897041814023, 0.003534339071283262, -0.1569192001467407, -0.003043969194066338, 0.9876067531547426]
projection_matrix:
  rows: 3
  cols: 4
  data: [3515.782235146348, 0, 1165.969863891602, 0, 0, 3515.782235146348, 1040.632667541504, 0, 0, 0, 1, 0]