image_width: 2448
image_height: 2048
camera_name: i3dr_phobos_r
camera_matrix:
  rows: 3
  cols: 3
  data: [2323.798122679577, 0, 1219.168327145261, 0, 2322.660831561298, 1043.290279062163, 0, 0, 1]
distortion_model: plumb_bob
distortion_coefficients:
  rows: 1
  cols: 5
  data: [-0.07059230505085233, 0.06805284213592255, -0.0007111959229125016, 7.799936882110607e-05, 0]
rectification_matrix:
  rows: 3
  cols: 3
  data: [0.9909703321792096, -0.00309881776061404, -0.1340455074559138, 0.002655530352954089, 0.9999903991424743, -0.003485653657441683, 0.1340550219095558, 0.003098217449050349, 0.9909690470188597]
projection_matrix:
  rows: 3
  cols: 4
  data: [3515.782235146348, 0, 1165.969863891602, -1023.465654806298, 0, 3515.782235146348, 1040.632667541504, 0, 0, 0, 1, 0]