image_width: 2448
image_height: 2048
camera_name: phobos_r
camera_matrix:
  rows: 3
  cols: 3
  data: [2329.345959327881, 0, 1201.650951944327, 0, 2329.67116734736, 1042.834149489656, 0, 0, 1]
distortion_model: plumb_bob
distortion_coefficients:
  rows: 1
  cols: 5
  data: [-0.0771697710307671, 0.07666398099475259, -0.0005061668153039206, 0.00109953636376499, 0]
rectification_matrix:
  rows: 3
  cols: 3
  data: [0.9919505019207749, -0.005924909911375164, -0.1264875376535769, 0.00503504924602956, 0.999960284691535, -0.007353728218688791, 0.1265260843392105, 0.006657663416422532, 0.9919409385137909]
projection_matrix:
  rows: 3
  cols: 4
  data: [3603.672602140358, 0, 1130.901405334473, -1048.375926947608, 0, 3603.672602140358, 1048.278610229492, 0, 0, 0, 1, 0]