image_width: 2448
image_height: 2048
camera_name: phobos_r
camera_matrix:
  rows: 3
  cols: 3
  data: [2325.471892152792, 0, 1206.101036960448, 0, 2325.526074086009, 1048.248483541061, 0, 0, 1]
distortion_model: plumb_bob
distortion_coefficients:
  rows: 1
  cols: 5
  data: [-0.07849273475285851, 0.08061288718587131, -0.0006537197095574888, 0.001266980771544539, 0]
rectification_matrix:
  rows: 3
  cols: 3
  data: [0.9914623251487928, -0.004096251723022273, -0.1303291162111167, 0.003278321986850579, 0.9999735671608032, -0.006489806210453951, 0.1303522551224168, 0.006007137547980043, 0.9914495468166697]
projection_matrix:
  rows: 3
  cols: 4
  data: [3552.176412036626, 0, 1147.040748596191, -1032.316227107474, 0, 3552.176412036626, 1051.447608947754, 0, 0, 0, 1, 0]