image_width: 2448
image_height: 2048
camera_name: phobos_l
camera_matrix:
  rows: 3
  cols: 3
  data: [2327.114162550881, 0, 1191.644578239607, 0, 2327.284239221151, 1056.71325116552, 0, 0, 1]
distortion_model: plumb_bob
distortion_coefficients:
  rows: 1
  cols: 5
  data: [-0.07490900620967887, 0.07464151832176086, 9.421291501795481e-05, -3.413143655378377e-05, 0]
rectification_matrix:
  rows: 3
  cols: 3
  data: [0.9862801350172603, -0.005561639617763507, 0.164986555316173, 0.004524846607913374, 0.9999675892960193, 0.006659288301507493, -0.1650182445474117, -0.005821384909955975, 0.9862733345499211]
projection_matrix:
  rows: 3
  cols: 4
  data: [3552.176412036626, 0, 1147.040748596191, 0, 0, 3552.176412036626, 1051.447608947754, 0, 0, 0, 1, 0]