image_width: 2448
image_height: 2048
camera_name: phobos_l
camera_matrix:
  rows: 3
  cols: 3
  data: [2339.609125621164, 0, 1187.75227218752, 0, 2339.004395749253, 1055.943168440357, 0, 0, 1]
distortion_model: plumb_bob
distortion_coefficients:
  rows: 1
  cols: 5
  data: [-0.08140044014584435, 0.08664420451481404, 7.268689469081226e-05, -0.0006886368156212931, 0]
rectification_matrix:
  rows: 3
  cols: 3
  data: [0.9856793135190528, -0.007466703464035772, 0.1684652463862772, 0.00627966290383889, 0.9999515696741407, 0.007577871735276373, -0.1685136692806345, -0.006411446451644666, 0.9856784651294632]
projection_matrix:
  rows: 3
  cols: 4
  data: [3603.672602140358, 0, 1130.901405334473, 0, 0, 3603.672602140358, 1048.278610229492, 0, 0, 0, 1, 0]