%YAML:1.0
---
image_width: 2448
image_height: 2048
camera_name: leftCamera
camera_matrix: !!opencv-matrix
   rows: 3
   cols: 3
   dt: d
   data: [ 2.3419829155967877e+03, 0., 1.2494567601959916e+03, 0.,
       2.3423388211560728e+03, 9.7462505005262483e+02, 0., 0., 1. ]
distortion_model: plumb_bob
distortion_coefficients: !!opencv-matrix
   rows: 1
   cols: 5
   dt: d
   data: [ -5.3259628207307300e-02, -1.0624721891769329e-01,
       3.9939508151325294e-04, -4.2423226062700525e-04,
       3.4108242475788919e-01 ]
rectification_matrix: !!opencv-matrix
   rows: 3
   cols: 3
   dt: d
   data: [ 9.9996781185829753e-01, 9.3768471059461130e-04,
       7.9684374071735883e-03, -9.5373451483387966e-04,
       9.9999752391408192e-01, 2.0106108973185605e-03,
       -7.9665323575405702e-03, -2.0181459532746062e-03,
       9.9996623015435249e-01 ]
projection_matrix: !!opencv-matrix
   rows: 3
   cols: 4
   dt: d
   data: [ 2.3411635701218215e+03, 0., 1.2238018798828125e+03, 0., 0.,
       2.3411635701218215e+03, 9.9614385223388672e+02, 0., 0., 0., 1.,
       0. ]
