%YAML:1.0
---
image_width: 2448
image_height: 2048
camera_name: rightCamera
camera_matrix: !!opencv-matrix
   rows: 3
   cols: 3
   dt: d
   data: [ 2.3392721281831955e+03, 0., 1.2442651236361044e+03, 0.,
       2.3399883190875703e+03, 1.0173220090332309e+03, 0., 0., 1. ]
distortion_model: plumb_bob
distortion_coefficients: !!opencv-matrix
   rows: 1
   cols: 5
   dt: d
   data: [ -1.0807818530782266e-01, 2.3702609190868562e-01,
       -4.5812192865639123e-04, -4.2610817002685042e-04,
       -2.4463294290458726e-01 ]
rectification_matrix: !!opencv-matrix
   rows: 3
   cols: 3
   dt: d
   data: [ 9.9995189531851780e-01, -3.4543457473778455e-03,
       9.1801167945531996e-03, 3.4729303392656572e-03,
       9.9999195076223002e-01, -2.0092699192278745e-03,
       -9.1731021886095505e-03, 2.0410551700722024e-03,
       9.9995584317010222e-01 ]
projection_matrix: !!opencv-matrix
   rows: 3
   cols: 4
   dt: d
   data: [ 2.3411635701218215e+03, 0., 1.2166806945800781e+03,
       -6.6808950036958140e+02, 0., 2.3411635701218215e+03,
       9.9614385223388672e+02, 0., 0., 0., 1., 0. ]
