%YAML:1.0
---
image_width: 1224
image_height: 1024
camera_name: leftCamera
camera_matrix: !!opencv-matrix
   rows: 3
   cols: 3
   dt: d
   data: [ 1.1537329122315396e+03, 0., 6.1879296218042839e+02, 0.,
       1.1499606605628155e+03, 4.8571335501473465e+02, 0., 0., 1. ]
distortion_model: plumb_bob
distortion_coefficients: !!opencv-matrix
   rows: 1
   cols: 5
   dt: d
   data: [ -9.1711917885088451e-02, 1.9584422154562553e-01,
       3.3198786514529737e-04, -1.1115973490751631e-03,
       -2.2867866859330691e-01 ]
rectification_matrix: !!opencv-matrix
   rows: 3
   cols: 3
   dt: d
   data: [ 9.9995600654421424e-01, 1.3640508872583717e-03,
       9.2803201089284339e-03, -1.3846206478235674e-03,
       9.9999659840944410e-01, 2.2104287373474738e-03,
       -9.2772734037987921e-03, -2.2231812157897869e-03,
       9.9995449379632906e-01 ]
projection_matrix: !!opencv-matrix
   rows: 3
   cols: 4
   dt: d
   data: [ 1.1481727159678126e+03, 0., 6.0387254333496094e+02, 0., 0.,
       1.1481727159678126e+03, 4.9562483596801758e+02, 0., 0., 0., 1.,
       0. ]
