%YAML:1.0
---
image_width: 1224
image_height: 1024
camera_name: rightCamera
camera_matrix: !!opencv-matrix
   rows: 3
   cols: 3
   dt: d
   data: [ 1.1488304121304659e+03, 0., 6.0759132112238763e+02, 0.,
       1.1463847713728096e+03, 5.0646990445256904e+02, 0., 0., 1. ]
distortion_model: plumb_bob
distortion_coefficients: !!opencv-matrix
   rows: 1
   cols: 5
   dt: d
   data: [ -9.1553954640122587e-02, 1.4599847611912706e-01,
       3.2958022634950045e-04, -2.1617772255376928e-03,
       -7.5287358889678413e-02 ]
rectification_matrix: !!opencv-matrix
   rows: 3
   cols: 3
   dt: d
   data: [ 9.9998382761592597e-01, -2.4026165608775638e-03,
       5.1547977907324405e-03, 2.4140572203170774e-03,
       9.9999463448374304e-01, -2.2143467349410718e-03,
       -5.1494499064441944e-03, 2.2267549005011906e-03,
       9.9998426224029835e-01 ]
projection_matrix: !!opencv-matrix
   rows: 3
   cols: 4
   dt: d
   data: [ 1.1481727159678126e+03, 0., 5.9708909606933594e+02,
       -3.2752165617699404e+02, 0., 1.1481727159678126e+03,
       4.9562483596801758e+02, 0., 0., 0., 1., 0. ]
