%YAML:1.0
---
image_width: 2448
image_height: 2048
camera_name: leftCamera
camera_matrix: !!opencv-matrix
   rows: 3
   cols: 3
   dt: d
   data: [ 2.3265103614690283e+03, 0., 1.2028832447607483e+03, 0.,
       2.3267214016572898e+03, 1.0461683820712838e+03, 0., 0., 1. ]
distortion_model: plumb_bob
distortion_coefficients: !!opencv-matrix
   rows: 1
   cols: 5
   dt: d
   data: [ -7.8746429688937206e-02, 7.0317132320769540e-02,
       -5.7239086217735890e-04, 1.4590780272317227e-03,
       3.8062917622673317e-02 ]
rectification_matrix: !!opencv-matrix
   rows: 3
   cols: 3
   dt: d
   data: [ 9.9206989917254607e-01, -2.6757805384521509e-03,
       -1.2565888489989271e-01, 2.0960641889763393e-03,
       9.9998654373098694e-01, -4.7454053431041920e-03,
       1.2566989166339779e-01, 4.4443847116008720e-03,
       9.9206215822086730e-01 ]
projection_matrix: !!opencv-matrix
   rows: 3
   cols: 4
   dt: d
   data: [ 2.3312234138988124e+03, 0., 1.1264080200195312e+03, 0., 0.,
       2.3312234138988124e+03, 1.0459157028198242e+03, 0., 0., 0., 1.,
       0. ]
rms_error: 1.8331730671694846e-01
