%YAML:1.0
---
image_width: 2448
image_height: 2048
camera_name: rightCamera
camera_matrix: !!opencv-matrix
   rows: 3
   cols: 3
   dt: d
   data: [ 2.3355201193232269e+03, 0., 1.1903043628637383e+03, 0.,
       2.3357254261403355e+03, 1.0459346719191278e+03, 0., 0., 1. ]
distortion_model: plumb_bob
distortion_coefficients: !!opencv-matrix
   rows: 1
   cols: 5
   dt: d
   data: [ -8.8748452043414611e-02, 1.3651550014240951e-01,
       -5.9826736318645961e-05, -1.0850798284235425e-04,
       -8.9220994110979224e-02 ]
rectification_matrix: !!opencv-matrix
   rows: 3
   cols: 3
   dt: d
   data: [ 9.8545920670558051e-01, -3.5662310320725395e-03,
       1.6987475950073930e-01, 2.7812254689844025e-03,
       9.9998432820318783e-01, 4.8588201149806654e-03,
       -1.6988942493309822e-01, -4.3157090083729083e-03,
       9.8545368128170097e-01 ]
projection_matrix: !!opencv-matrix
   rows: 3
   cols: 4
   dt: d
   data: [ 2.3312234138988124e+03, 0., 1.1264080200195312e+03,
       1.7372420200218479e+04, 0., 2.3312234138988124e+03,
       1.0459157028198242e+03, 0., 0., 0., 1., 0. ]
rms_error: 1.8331730671694846e-01
