image_width: 2448
image_height: 2048
camera_name: i3dr_phobos_l
camera_matrix:
  rows: 3
  cols: 3
  data: [2345.790225639133, 0, 1183.004328565772, 0, 2348.036444691774, 1038.927387252921, 0, 0, 1]
distortion_model: plumb_bob
distortion_coefficients:
  rows: 1
  cols: 5
  data: [-0.07772230910473803, 0.06731568030813652, 0.0005424707459918489, -0.00140898957362868, 0]
rectification_matrix:
  rows: 3
  cols: 3
  data: [0.9849033696515984, -0.003568557807225442, 0.1730682462039281, 0.003457636699630888, 0.9999935783092155, 0.0009423846264726512, -0.1730704977671826, -0.0003297506745053217, 0.9849093836831448]
projection_matrix:
  rows: 3
  cols: 4
  data: [3603.408855380832, 0, 1108.99186706543, 0, 0, 3603.408855380832, 1048.412689208984, 0, 0, 0, 1, 0]