image_width: 2448
image_height: 2048
camera_name: phobos_r
camera_matrix:
  rows: 3
  cols: 3
  data: [2329.580831887874, 0, 1203.33634272156, 0, 2331.314016162058, 1058.215374480365, 0, 0, 1]
distortion_model: plumb_bob
distortion_coefficients:
  rows: 1
  cols: 5
  data: [-0.07964804738364048, 0.08698598304620389, -0.0002046821282682203, 0.0009193957820528267, 0]
rectification_matrix:
  rows: 3
  cols: 3
  data: [0.9929393947277863, -0.002087417182039894, -0.1186043889876162, 0.002011555969730715, 0.9999976885319524, -0.0007593242608053767, 0.1186056998638695, 0.0005153836052219105, 0.9929412985365959]
projection_matrix:
  rows: 3
  cols: 4
  data: [3603.408855380832, 0, 1108.99186706543, -1048.309762420129, 0, 3603.408855380832, 1048.412689208984, 0, 0, 0, 1, 0]