%YAML:1.0
---
image_width: 2448
image_height: 2048
camera_name: leftCamera
camera_matrix: !!opencv-matrix
   rows: 3
   cols: 3
   dt: d
   data: [ 2.3477876209559477e+03, 0., 1.2587848571766967e+03, 0.,
       2.3470335015276310e+03, 9.7652994397503744e+02, 0., 0., 1. ]
distortion_model: plumb_bob
distortion_coefficients: !!opencv-matrix
   rows: 1
   cols: 5
   dt: d
   data: [ -8.3075017215307981e-02, 1.8094302870136297e-01,
       7.7311966901280138e-04, 7.5442997917005031e-04,
       -1.6850082943177222e-01 ]
rectification_matrix: !!opencv-matrix
   rows: 3
   cols: 3
   dt: d
   data: [ 9.9993174345162505e-01, 1.1654324949087903e-03,
       1.1625412031119293e-02, -1.1833103533611627e-03,
       9.9999812780518849e-01, 1.5310658788716578e-03,
       -1.1623605912156136e-02, -1.5447178440179384e-03,
       9.9993125045294062e-01 ]
projection_matrix: !!opencv-matrix
   rows: 3
   cols: 4
   dt: d
   data: [ 2.3449480597082306e+03, 0., 1.2268040771484375e+03, 0., 0.,
       2.3449480597082306e+03, 9.9864151763916016e+02, 0., 0., 0., 1.,
       0. ]
