%YAML:1.0
---
image_width: 2448
image_height: 2048
camera_name: rightCamera
camera_matrix: !!opencv-matrix
   rows: 3
   cols: 3
   dt: d
   data: [ 2.3435959413984169e+03, 0., 1.2425172979705976e+03, 0.,
       2.3428626178888303e+03, 1.0197943932468038e+03, 0., 0., 1. ]
distortion_model: plumb_bob
distortion_coefficients: !!opencv-matrix
   rows: 1
   cols: 5
   dt: d
   data: [ -8.6295817432864713e-02, 1.3637223673226623e-01,
       3.2083770773918402e-04, 9.4949698466440414e-04,
       -7.4081905874395754e-02 ]
rectification_matrix: !!opencv-matrix
   rows: 3
   cols: 3
   dt: d
   data: [ 9.9994506381501769e-01, -2.6875863068923055e-03,
       1.0131447666697740e-02, 2.7032484586181778e-03,
       9.9999517190719023e-01, -1.5325175626828469e-03,
       -1.0127279977911581e-02, 1.5598211923031128e-03,
       9.9994750120098674e-01 ]
projection_matrix: !!opencv-matrix
   rows: 3
   cols: 4
   dt: d
   data: [ 2.3449480597082306e+03, 0., 1.2148593750000000e+03,
       -6.6934513921785492e+02, 0., 2.3449480597082306e+03,
       9.9864151763916016e+02, 0., 0., 0., 1., 0. ]
